Temperature (K)	Field (Oe)	Capacitance (F)	Resistance (Ohm)
200.1180877685547	-100	3.41389e-08	4415850.0
200.1180877685547	-200	1.38854e-08	5082460.0
200.1180877685547	-300	4.65018e-08	3312930.0
200.1180877685547	-400	-6.22985e-08	3913120.0
200.1180877685547	-500	5.28466e-09	4004610.0
200.1180877685547	-600	4.46778e-08	2965250.0
200.1180877685547	-700	3.46878e-08	3929140.0
200.1180877685547	-800	2.18671e-08	4145140.0
200.1180877685547	-900	3.59322e-08	3974030.0
200.1180877685547	-1000	6.12943e-08	5276920.0
200.1180877685547	-1100	3.14875e-08	3493360.0
200.1180877685547	-1200	8.00598e-08	4217360.0
200.1180877685547	-1300	7.68997e-09	4274630.0
200.1180877685547	-1400	3.52766e-08	4013680.0
200.1180877685547	-1500	1.3338e-08	3602590.0
200.1180877685547	-1600	-2.01873e-07	4030170.0
200.1180877685547	-1700	1.21791e-08	4330120.0
200.1180877685547	-1800	2.09309e-08	3409260.0
200.1180877685547	-1900	9.98026e-09	3564550.0
200.1180877685547	-2000	-6.58719e-07	3994710.0
200.1180877685547	-2100	2.63116e-08	4056370.0
200.1180877685547	-2200	-1.53433e-08	4809100.0
200.1180877685547	-2300	1.48166e-08	3715460.0
200.1180877685547	-2400	3.24314e-08	4135030.0
200.1180877685547	-2500	4.54581e-08	3877660.0
200.1180877685547	-2600	5.23935e-08	5451460.0
200.1180877685547	-2700	5.08706e-08	3691720.0
200.1180877685547	-2800	3.58807e-07	4109210.0
200.1180877685547	-2900	6.70608e-08	4119150.0
200.1180877685547	-3000	2.39151e-08	3302870.0
200.1180877685547	-3100	1.82702e-08	3601990.0
200.1180877685547	-3200	-3.1064e-08	4048090.0
200.1180877685547	-3300	2.31873e-08	3777620.0
200.1180877685547	-3400	2.93772e-08	3950150.0
200.1180877685547	-3500	5.87832e-08	3656000.0
200.1180877685547	-3600	2.46747e-08	4618600.0
200.1180877685547	-3700	3.39203e-08	4328450.0
200.1180877685547	-3800	9.27879e-08	3737770.0
200.1180877685547	-3900	1.42431e-08	3088370.0
200.1180877685547	-4000	2.25022e-08	4365320.0
200.1180877685547	-4100	-2.67037e-07	3919210.0
200.1180877685547	-4200	-5.14385e-08	4245690.0
200.1180877685547	-4300	-3.48564e-08	4127210.0
200.1180877685547	-4400	6.57176e-08	3886550.0
200.1180877685547	-4500	6.50009e-08	4262860.0
200.1180877685547	-4600	1.08434e-07	4271670.0
200.1180877685547	-4700	2.51651e-08	4101820.0
200.1180877685547	-4800	8.97587e-08	4189520.0
200.1180877685547	-4900	1.10861e-08	4557200.0
200.1180877685547	-5000	-2.29806e-07	4161120.0
200.1180877685547	-5000	1.00943e-08	3865770.0
200.1180877685547	-4900	1.13192e-08	5087140.0
200.1180877685547	-4800	1.92075e-08	4073630.0
200.1180877685547	-4700	1.7403e-08	4207930.0
200.1180877685547	-4600	6.7983e-09	4602800.0
200.1180877685547	-4500	1.59577e-08	5095030.0
200.1180877685547	-4400	1.30321e-08	3460440.0
200.1180877685547	-4300	1.67654e-08	4056020.0
200.1180877685547	-4200	1.67042e-08	4150990.0
200.1180877685547	-4100	1.73968e-08	4152080.0
200.1180877685547	-4000	2.95573e-08	3920750.0
200.1180877685547	-3900	2.06234e-08	4246130.0
200.1180877685547	-3800	2.74671e-08	4512680.0
200.1180877685547	-3700	6.96492e-08	4791840.0
200.1180877685547	-3600	3.84207e-08	3460470.0
200.1180877685547	-3500	1.75661e-07	4084360.0
200.1180877685547	-3400	1.89661e-08	4036530.0
200.1180877685547	-3300	1.50034e-08	4087060.0
200.1180877685547	-3200	2.66365e-08	3891770.0
200.1180877685547	-3100	1.86927e-08	3499180.0
200.1180877685547	-3000	3.37486e-07	4139820.0
200.1180877685547	-2900	2.70429e-08	3241820.0
200.1180877685547	-2800	-5.92344e-08	4600630.0
200.1180877685547	-2700	1.9954e-08	3990740.0
200.1180877685547	-2600	4.16505e-08	4372500.0
200.1180877685547	-2500	5.58207e-07	4039050.0
200.1180877685547	-2400	-8.4157e-09	5394640.0
200.1180877685547	-2300	1.68625e-08	3800310.0
200.1180877685547	-2200	1.64124e-08	3981420.0
200.1180877685547	-2100	1.87611e-08	4194380.0
200.1180877685547	-2000	2.77046e-08	3603840.0
200.1180877685547	-1900	2.43074e-08	4126980.0
200.1180877685547	-1800	-1.55266e-07	4022330.0
200.1180877685547	-1700	6.15927e-07	4569560.0
200.1180877685547	-1600	-4.87639e-08	4057840.0
200.1180877685547	-1500	5.25778e-08	3932060.0
200.1180877685547	-1400	-6.99426e-08	4193680.0
200.1180877685547	-1300	1.08735e-07	4003730.0
200.1180877685547	-1200	1.01916e-08	3090510.0
200.1180877685547	-1100	2.08786e-08	4201970.0
200.1180877685547	-1000	4.84768e-08	3856240.0
200.1180877685547	-900	9.31576e-08	3654040.0
200.1180877685547	-800	1.69459e-08	3439090.0
200.1180877685547	-700	1.34148e-08	4128950.0
200.1180877685547	-600	1.16002e-08	4286220.0
200.1180877685547	-500	-1.98662e-08	4356870.0
200.1180877685547	-400	1.44489e-08	3792650.0
200.1180877685547	-300	2.23108e-07	4183300.0
200.1180877685547	-200	1.79236e-07	3640710.0
200.1180877685547	-100	1.33572e-08	4366440.0
200.1180877685547	0	3.09584e-08	4127220.0
200.1180877685547	100	2.05862e-08	3764740.0
200.1180877685547	200	4.00938e-08	4485930.0
200.1180877685547	300	1.51954e-08	4033120.0
200.1180877685547	400	2.18863e-08	4253260.0
200.1180877685547	500	-1.95656e-06	4370220.0
200.1180877685547	600	-6.60106e-08	3382210.0
200.1180877685547	700	1.70708e-05	3879040.0
200.1180877685547	800	2.6635e-08	3753390.0
200.1180877685547	900	-4.15206e-08	4129810.0
200.1180877685547	1000	-2.12623e-08	4013130.0
200.1180877685547	1100	1.06173e-08	3792530.0
200.1180877685547	1200	1.78279e-08	4123560.0
200.1180877685547	1300	8.2947e-08	4074620.0
200.1180877685547	1400	2.97213e-08	4675000.0
200.1180877685547	1500	1.74467e-08	4417000.0
200.1180877685547	1600	3.5513e-07	3879360.0
200.1180877685547	1700	1.97959e-08	4138670.0
200.1180877685547	1800	2.20822e-08	4387820.0
200.1180877685547	1900	1.92596e-08	3858330.0
200.1180877685547	2000	1.48882e-08	3962350.0
200.1180877685547	2100	9.93988e-09	4625090.0
200.1180877685547	2200	5.71252e-08	3804870.0
200.1180877685547	2300	3.18367e-08	3761380.0
200.1180877685547	2400	4.58956e-08	3887840.0
200.1180877685547	2500	4.93692e-08	3829310.0
200.1180877685547	2600	2.56669e-08	4168570.0
200.1180877685547	2700	2.46405e-08	3876020.0
200.1180877685547	2800	-3.49161e-08	3846720.0
200.1180877685547	2900	3.81921e-08	3893980.0
200.1180877685547	3000	-3.91735e-08	3720370.0
200.1180877685547	3100	2.06577e-08	4058020.0
200.1180877685547	3200	3.20104e-08	3814970.0
200.1180877685547	3300	4.63536e-08	4101480.0
200.1180877685547	3400	1.98539e-08	3438800.0
200.1180877685547	3500	3.38342e-08	3823840.0
200.1180877685547	3600	1.1757e-08	3776500.0
200.1180877685547	3700	8.92353e-09	4466890.0
200.1180877685547	3800	-1.03586e-07	4404590.0
200.1180877685547	3900	1.23869e-08	4102960.0
200.1180877685547	4000	8.99162e-08	4036090.0
200.1180877685547	4100	-1.77746e-07	4712440.0
200.1180877685547	4200	-8.25216e-08	5044780.0
200.1180877685547	4300	2.07982e-08	4250150.0
200.1180877685547	4400	2.93702e-08	4030060.0
200.1180877685547	4500	1.36138e-08	3717090.0
200.1180877685547	4600	4.87635e-08	3784920.0
200.1180877685547	4700	1.9312e-08	3623860.0
200.1180877685547	4800	4.72955e-08	4115500.0
200.1180877685547	4900	2.66355e-08	3800640.0
200.1180877685547	5000	5.61077e-08	3885780.0
200.1180877685547	5000	2.62709e-08	6121140.0
200.1180877685547	4900	1.47332e-08	3337820.0
200.1180877685547	4800	9.83946e-09	4011860.0
200.1180877685547	4700	1.28252e-08	4123020.0
200.1180877685547	4600	-9.5634e-08	4155660.0
200.1180877685547	4500	-1.91301e-07	4623000.0
200.1180877685547	4400	4.22997e-08	3670950.0
200.1180877685547	4300	2.45569e-07	3902950.0
200.1180877685547	4200	-1.58402e-05	3178470.0
200.1180877685547	4100	-7.39124e-08	4300770.0
200.1180877685547	4000	1.36659e-08	4046490.0
200.1180877685547	3900	1.74112e-07	4173220.0
200.1180877685547	3800	-1.42869e-07	3572260.0
200.1180877685547	3700	-5.0419e-08	4477490.0
200.1180877685547	3600	3.26211e-08	3889060.0
200.1180877685547	3400	-3.63926e-08	4103640.0
200.1180877685547	3300	-2.12515e-08	4221410.0
200.1180877685547	3200	5.27937e-08	3797040.0
200.1180877685547	3100	2.37977e-08	4892660.0
200.1180877685547	3000	1.68616e-08	4606220.0
200.1180877685547	2900	-2.6629e-08	3821730.0
200.1180877685547	2800	1.62164e-08	4320810.0
200.1180877685547	2700	5.47175e-08	4337050.0
200.1180877685547	2600	2.25404e-08	3460310.0
200.1180877685547	2500	3.06059e-08	3687450.0
200.1180877685547	2400	2.0137e-08	4211160.0
200.1180877685547	2300	-1.40075e-07	4176410.0
200.1180877685547	2200	2.35577e-07	3875520.0
200.1180877685547	2100	9.46681e-08	3637810.0
200.1180877685547	2000	2.0257e-08	3886270.0
200.1180877685547	1800	-1.42946e-08	4946680.0
200.1180877685547	1700	3.00467e-08	3815040.0
200.1180877685547	1600	2.82082e-08	3849880.0
200.1180877685547	1500	1.55177e-08	4611220.0
200.1180877685547	1400	7.28734e-08	4766130.0
200.1180877685547	1300	2.1632e-08	4054330.0
200.1180877685547	1200	2.02895e-08	4384300.0
200.1180877685547	1100	1.67928e-08	3951390.0
200.1180877685547	900	3.53928e-08	3726650.0
200.1180877685547	800	3.01617e-08	3994230.0
200.1180877685547	700	3.9179e-08	3405280.0
200.1180877685547	600	2.51912e-08	4163890.0
200.1180877685547	500	-6.2651e-08	4096370.0
200.1180877685547	400	4.43273e-08	3976970.0
200.1180877685547	300	-2.79965e-08	4493510.0
200.1180877685547	200	4.32297e-08	3805220.0
200.1180877685547	100	-9.68915e-08	4411920.0
200.1180877685547	0	2.82733e-08	4473210.0
200.1180877685547	-100	4.09197e-08	3985320.0
200.1180877685547	-300	1.19152e-08	4037710.0
200.1180877685547	-400	1.55909e-08	4112740.0
200.1180877685547	-500	5.54986e-08	4931530.0
200.1180877685547	-600	1.82217e-08	3577010.0
200.1180877685547	-700	2.29577e-08	4188990.0
200.1180877685547	-800	1.40606e-08	4255070.0
200.1180877685547	-900	3.41713e-08	4036520.0
200.1180877685547	-1000	2.68365e-08	4026250.0
200.1180877685547	-1100	6.28621e-08	3815640.0
200.1180877685547	-1200	1.19204e-07	4117640.0
200.1180877685547	-1300	7.26646e-08	3541790.0
200.1180877685547	-1400	5.50449e-08	3884410.0
200.1180877685547	-1500	1.24929e-08	3389310.0
200.1180877685547	-1600	1.9727e-08	5004080.0
200.1180877685547	-1700	3.45201e-08	3888880.0
200.1180877685547	-1800	2.51911e-08	3893850.0
200.1180877685547	-1900	1.33185e-08	3673490.0
200.1180877685547	-2000	-5.44779e-07	3584030.0
200.1180877685547	-2100	5.21638e-08	3557740.0
200.1180877685547	-2200	1.50728e-07	3996350.0
200.1180877685547	-2300	3.17706e-07	3657580.0
200.1180877685547	-2400	4.86069e-08	3561960.0
200.1180877685547	-2500	5.24399e-08	4158720.0
200.1180877685547	-2600	1.61423e-07	4444220.0
200.1180877685547	-2700	1.98982e-08	4012180.0
200.1180877685547	-2800	3.36354e-08	3820260.0
200.1180877685547	-2900	1.13044e-08	3745580.0
200.1180877685547	-3000	-1.94485e-08	4004380.0
200.1180877685547	-3100	-7.09265e-08	3911150.0
200.1180877685547	-3200	5.21118e-08	4321480.0
200.1180877685547	-3300	-9.55266e-09	5202380.0
200.1180877685547	-3400	2.42031e-08	3951980.0
200.1180877685547	-3500	8.45974e-09	4083980.0
200.1180877685547	-3600	2.05942e-08	3913970.0
200.1180877685547	-3700	2.45399e-08	3624260.0
200.1180877685547	-3800	2.08491e-08	4344790.0
200.1180877685547	-3900	-1.98683e-07	3738330.0
200.1180877685547	-4000	-1.95362e-07	4443780.0
200.1180877685547	-4100	2.83526e-08	4362390.0
200.1180877685547	-4200	6.68569e-08	3909160.0
200.1180877685547	-4300	2.06575e-08	3602980.0
200.1180877685547	-4400	-7.72269e-08	4429610.0
200.1180877685547	-4500	3.16791e-08	4366290.0
200.1180877685547	-4600	-1.92542e-07	4245880.0
200.1180877685547	-4700	1.66194e-08	4107070.0
200.1180877685547	-4800	-5.25153e-08	4285180.0
200.1180877685547	-4900	3.75709e-08	4441600.0
200.1180877685547	-5000	1.72201e-08	4277020.0
