Temperature (K)	Field (Oe)	Capacitance (F)	Resistance (Ohm)
140.1153106689453	-5000	9.16726e-08	3172710.0
140.1153106689453	-5000	9.1728e-08	3175570.0
140.1153106689453	-4900	9.20042e-08	3171440.0
140.1153106689453	-4800	9.23757e-08	3172120.0
140.1153106689453	-4700	9.24665e-08	3173590.0
140.1153106689453	-4600	9.28504e-08	3180260.0
140.1153106689453	-4500	9.17931e-08	3179490.0
140.1153106689453	-4400	9.18038e-08	3182020.0
140.1153106689453	-4300	9.09871e-08	3183130.0
140.1153106689453	-4200	9.20154e-08	3186320.0
140.1153106689453	-4100	9.18382e-08	3190080.0
140.1153106689453	-4000	9.13607e-08	3187330.0
140.1153106689453	-3900	9.22081e-08	3182390.0
140.1153106689453	-3800	9.18759e-08	3185610.0
140.1153106689453	-3700	9.13914e-08	3185490.0
140.1153106689453	-3600	9.20759e-08	3183140.0
140.1153106689453	-3500	9.22149e-08	3184320.0
140.1153106689453	-3400	9.16431e-08	3186420.0
140.1153106689453	-3300	9.05407e-08	3187890.0
140.1153106689453	-3200	9.19259e-08	3186690.0
140.1153106689453	-3100	9.06573e-08	3191290.0
140.1153106689453	-3000	9.13823e-08	3188430.0
140.1153106689453	-2900	9.15464e-08	3191170.0
140.1153106689453	-2800	9.15516e-08	3194730.0
140.1153106689453	-2700	9.05036e-08	3195920.0
140.1153106689453	-2600	9.03534e-08	3197020.0
140.1153106689453	-2500	9.05259e-08	3195110.0
140.1153106689453	-2400	9.08688e-08	3195240.0
140.1153106689453	-2300	9.08712e-08	3196280.0
140.1153106689453	-2200	9.10788e-08	3197320.0
140.1153106689453	-2100	8.95227e-08	3200780.0
140.1153106689453	-2000	9.10746e-08	3197840.0
140.1153106689453	-1900	9.00407e-08	3201160.0
140.1153106689453	-1800	8.98903e-08	3203010.0
140.1153106689453	-1700	8.99839e-08	3203160.0
140.1153106689453	-1600	9.12952e-08	3199430.0
140.1153106689453	-1500	8.98401e-08	3204580.0
140.1153106689453	-1400	8.98465e-08	3207890.0
140.1153106689453	-1300	9.02619e-08	3207030.0
140.1153106689453	-1200	9.09147e-08	3208860.0
140.1153106689453	-1100	8.94735e-08	3209800.0
140.1153106689453	-1000	9.05672e-08	3205250.0
140.1153106689453	-900	9.01062e-08	3202940.0
140.1153106689453	-800	9.07571e-08	3204630.0
140.1153106689453	-700	9.071e-08	3207410.0
140.1153106689453	-600	8.98033e-08	3211220.0
140.1153106689453	-500	8.99744e-08	3211970.0
140.1153106689453	-400	8.89807e-08	3213130.0
140.1153106689453	-300	8.92588e-08	3210900.0
140.1153106689453	-200	8.97036e-08	3208280.0
140.1153106689453	-100	8.99785e-08	3209780.0
140.1153106689453	0	8.98521e-08	3209720.0
140.1153106689453	100	8.95854e-08	3215740.0
140.1153106689453	200	8.97148e-08	3215770.0
140.1153106689453	300	9.00446e-08	3211050.0
140.1153106689453	400	9.09976e-08	3206980.0
140.1153106689453	500	8.9896e-08	3211260.0
140.1153106689453	600	8.99062e-08	3210250.0
140.1153106689453	700	8.99355e-08	3210820.0
140.1153106689453	800	8.95068e-08	3209430.0
140.1153106689453	900	8.88224e-08	3206600.0
140.1153106689453	1000	8.99476e-08	3210680.0
140.1153106689453	1100	8.99996e-08	3210750.0
140.1153106689453	1200	9.00029e-08	3205840.0
140.1153106689453	1300	8.97693e-08	3202460.0
140.1153106689453	1400	9.02191e-08	3203580.0
140.1153106689453	1500	9.12231e-08	3198550.0
140.1153106689453	1600	9.0173e-08	3201700.0
140.1153106689453	1700	8.98451e-08	3202670.0
140.1153106689453	1800	9.10981e-08	3198060.0
140.1153106689453	1900	9.00778e-08	3202040.0
140.1153106689453	2000	9.0206e-08	3203110.0
140.1153106689453	2100	8.999e-08	3201180.0
140.1153106689453	2200	9.06865e-08	3198940.0
140.1153106689453	2300	9.05467e-08	3197730.0
140.1153106689453	2400	9.10598e-08	3196970.0
140.1153106689453	2500	9.10038e-08	3194940.0
140.1153106689453	2600	9.05165e-08	3195850.0
140.1153106689453	2700	9.04551e-08	3194360.0
140.1153106689453	2800	9.09614e-08	3195910.0
140.1153106689453	2900	9.0512e-08	3192530.0
140.1153106689453	3000	9.09753e-08	3193930.0
140.1153106689453	3100	9.07074e-08	3193020.0
140.1153106689453	3200	9.06119e-08	3191820.0
140.1153106689453	3300	9.1215e-08	3186800.0
140.1153106689453	3400	9.07105e-08	3189240.0
140.1153106689453	3500	9.09064e-08	3187990.0
140.1153106689453	3600	9.13191e-08	3187660.0
140.1153106689453	3700	9.44182e-08	3191160.0
140.1153106689453	3800	9.10202e-08	3185860.0
140.1153106689453	3900	9.09084e-08	3185570.0
140.1153106689453	4000	9.09529e-08	3186250.0
140.1153106689453	4100	9.10934e-08	3180710.0
140.1153106689453	4200	9.11458e-08	3179740.0
140.1153106689453	4300	9.12518e-08	3181330.0
140.1153106689453	4400	9.13721e-08	3180090.0
140.1153106689453	4500	9.05134e-08	3180120.0
140.1153106689453	4600	9.12942e-08	3177470.0
140.1153106689453	4700	9.23076e-08	3175250.0
140.1153106689453	4800	9.18676e-08	3174000.0
140.1153106689453	4900	9.17143e-08	3171020.0
140.1153106689453	5000	9.21138e-08	3171760.0
140.1153106689453	5000	9.14855e-08	3176360.0
140.1153106689453	4900	9.22065e-08	3176860.0
140.1153106689453	4800	9.20273e-08	3175770.0
140.1153106689453	4700	9.15135e-08	3175190.0
140.1153106689453	4600	9.24472e-08	3176010.0
140.1153106689453	4500	9.11058e-08	3183550.0
140.1153106689453	4400	9.12727e-08	3182660.0
140.1153106689453	4300	9.07888e-08	3184960.0
140.1153106689453	4200	9.17838e-08	3182150.0
140.1153106689453	4100	9.16469e-08	3185600.0
140.1153106689453	4000	9.12761e-08	3188180.0
140.1153106689453	3900	9.06155e-08	3185960.0
140.1153106689453	3800	9.0967e-08	3188210.0
140.1153106689453	3700	9.10808e-08	3186260.0
140.1153106689453	3600	9.14999e-08	3183860.0
140.1153106689453	3500	9.08988e-08	3188480.0
140.1153106689453	3400	8.97947e-08	3191780.0
140.1153106689453	3300	9.1082e-08	3188930.0
140.1153106689453	3200	9.14619e-08	3184370.0
140.1153106689453	3100	9.09229e-08	3186450.0
140.1153106689453	3000	9.07811e-08	3184090.0
140.1153106689453	2900	9.15583e-08	3189660.0
140.1153106689453	2800	9.14541e-08	3191930.0
140.1153106689453	2700	9.14574e-08	3187940.0
140.1153106689453	2600	9.04385e-08	3193480.0
140.1153106689453	2500	9.05201e-08	3192810.0
140.1153106689453	2400	9.10906e-08	3192140.0
140.1153106689453	2300	9.03182e-08	3191990.0
140.1153106689453	2200	9.05495e-08	3194490.0
140.1153106689453	2100	9.08918e-08	3195940.0
140.1153106689453	2000	9.02066e-08	3199150.0
140.1153106689453	1900	9.07261e-08	3195830.0
140.1153106689453	1800	8.96223e-08	3201620.0
140.1153106689453	1700	8.9024e-08	3205670.0
140.1153106689453	1600	9.10765e-08	3205460.0
140.1153106689453	1500	8.97138e-08	3207500.0
140.1153106689453	1400	9.03165e-08	3208500.0
140.1153106689453	1300	9.04378e-08	3207850.0
140.1153106689453	1200	8.91792e-08	3207210.0
140.1153106689453	1100	9.11974e-08	3204120.0
140.1153106689453	1000	8.95916e-08	3205350.0
140.1153106689453	900	9.06335e-08	3205290.0
140.1153106689453	800	8.97614e-08	3209340.0
140.1153106689453	700	8.95981e-08	3208690.0
140.1153106689453	600	8.99325e-08	3204790.0
140.1153106689453	500	8.96889e-08	3211760.0
140.1153106689453	400	8.96831e-08	3211460.0
140.1153106689453	300	8.96248e-08	3211320.0
140.1153106689453	200	9.08428e-08	3214590.0
140.1153106689453	100	8.94963e-08	3216570.0
140.1153106689453	0	8.97311e-08	3209520.0
140.1153106689453	-100	8.96439e-08	3214120.0
140.1153106689453	-200	8.95106e-08	3215280.0
140.1153106689453	-300	9.06098e-08	3210690.0
140.1153106689453	-400	9.02173e-08	3207740.0
140.1153106689453	-500	9.08318e-08	3207870.0
140.1153106689453	-600	9.02885e-08	3211310.0
140.1153106689453	-700	8.89697e-08	3209110.0
140.1153106689453	-800	8.98321e-08	3213720.0
140.1153106689453	-900	8.93676e-08	3215580.0
140.1153106689453	-1000	8.90007e-08	3210320.0
140.1153106689453	-1100	8.97997e-08	3211540.0
140.1153106689453	-1200	9.05105e-08	3203800.0
140.1153106689453	-1300	9.05543e-08	3207120.0
140.1153106689453	-1400	8.95762e-08	3205960.0
140.1153106689453	-1500	8.99243e-08	3205350.0
140.1153106689453	-1600	8.98021e-08	3201140.0
140.1153106689453	-1700	9.06263e-08	3203210.0
140.1153106689453	-1800	8.92151e-08	3206870.0
140.1153106689453	-1900	8.9983e-08	3204760.0
140.1153106689453	-2000	9.06982e-08	3204200.0
140.1153106689453	-2100	9.13836e-08	3203690.0
140.1153106689453	-2200	8.98292e-08	3201020.0
140.1153106689453	-2300	9.00914e-08	3201880.0
140.1153106689453	-2400	9.02423e-08	3197840.0
140.1153106689453	-2500	9.0302e-08	3198800.0
140.1153106689453	-2600	8.95583e-08	3201710.0
140.1153106689453	-2700	9.02952e-08	3197210.0
140.1153106689453	-2800	9.01605e-08	3196870.0
140.1153106689453	-2900	9.10563e-08	3196770.0
140.1153106689453	-3000	9.169e-08	3189330.0
140.1153106689453	-3100	9.0972e-08	3188680.0
140.1153106689453	-3200	9.11326e-08	3192030.0
140.1153106689453	-3300	9.12286e-08	3189050.0
140.1153106689453	-3400	9.21585e-08	3189750.0
140.1153106689453	-3500	9.11824e-08	3185250.0
140.1153106689453	-3600	9.15634e-08	3186250.0
140.1153106689453	-3700	9.12862e-08	3190050.0
140.1153106689453	-3800	9.15256e-08	3184560.0
140.1153106689453	-3900	9.12591e-08	3184150.0
140.1153106689453	-4000	9.17375e-08	3180090.0
140.1153106689453	-4100	9.16221e-08	3181070.0
140.1153106689453	-4200	9.1252e-08	3181110.0
140.1153106689453	-4300	9.1284e-08	3179220.0
140.1153106689453	-4400	9.1799e-08	3175530.0
140.1153106689453	-4500	9.21708e-08	3178500.0
140.1153106689453	-4600	9.13157e-08	3174720.0
140.1153106689453	-4700	9.22505e-08	3172340.0
140.1153106689453	-4800	9.12262e-08	3174150.0
140.1153106689453	-4900	9.18064e-08	3174540.0
140.1153106689453	-5000	9.23726e-08	3175200.0
